4950
4950
4950
4950
4950
4950
4950
4950
4950
4950
499999500000
499999500000
499999500000
499999500000
499999500000
499999500000
499999500000
499999500000
499999500000
499999500000
4999999950000000
4999999950000000
4999999950000000
4999999950000000
4999999950000000
4999999950000000
4999999950000000
4999999950000000
4999999950000000
4999999950000000
4999999950000000
4999999950000000
4999999950000000
4999999950000000
4999999950000000
4999999950000000
4999999950000000
4999999950000000
4999999950000000
4999999950000000
4999999950000000
4999999950000000
4999999950000000
4999999950000000
4999999950000000
4999999950000000
4999999950000000
4999999950000000
4999999950000000
